1107 0102336 2
2105 0084827 1
3037 0065988 1
3662 0102728 1
86668 1347439 1
176601 2492564 2
180777 0832879 2
142 0094878 2
142 0094878 2
720 0118114 1
727 0114894 2
730 0125877 2
752 0105737 2
769 0116992 2
770 0038426 2
1107 0102336 2
1142 0116403 2
1316 0115548 2
1319 0107314 2
1421 0113212 2
1434 0123281 2
1738 0120881 2
2230 0133361 2
2588 0341315 2
3193 0198385 2
5871 0230252 2
142 0094878 2
720 0118114 1
727 0114894 2
730 0125877 2
752 0105737 2
769 0116992 2
770 0038426 2
1107 0102336 2
1142 0116403 2
1316 0115548 2
1319 0107314 2
1421 0113212 2
1434 0123281 2
1738 0120881 2
2230 0133361 2
2588 0341315 2
3193 0198385 2
5871 0230252 2
65558 1157604 2
72332 1517595 2
72901 0213456 2
74317 1530487 2
76277 0052876 1
78379 0245209 2
79329 1259583 2
81330 1611931 2
81758 0466214 2
82751 0495705 2
84974 1590050 2
86668 1347439 1
87330 0234854 2
87420 0403962 2
87751 0306811 2
91747 1226036 2
92885 1177179 2
93529 1732756 2
94531 0119264 2
94786 0493044 2
96512 1819513 1
96516 1039992 2
97146 0492060 2
97872 0314325 2
97955 0440410 2
98339 0452332 2
98387 0804504 2
98815 0393493 2
98819 2354103 2
98929 0471239 2
98931 0492337 2
99489 0447221 2
99566 0348254 2
100444 2400660 2
100593 2519480 2
101006 1555904 2
101381 2281267 1
103790 0282934 2
104526 2185178 2
105299 1638939 2
106527 1890371 2
106682 2215562 2
106820 2628830 2
109069 0405280 2
109613 2206354 2
109623 2671600 2
142 0094878 2
720 0118114 1
727 0114894 2
730 0125877 2
752 0105737 2
769 0116992 2
770 0038426 2
1107 0102336 2
1142 0116403 2
1316 0115548 2
1319 0107314 2
1421 0113212 2
1434 0123281 2
1738 0120881 2
2230 0133361 2
2588 0341315 2
3193 0198385 2
5871 0230252 2
65558 1157604 2
72332 1517595 2
72901 0213456 2
74317 1530487 2
78379 0245209 2
79329 1259583 2
81330 1611931 2
81758 0466214 2
82751 0495705 2
84974 1590050 2
86668 1347439 1
87330 0234854 2
87420 0403962 2
87751 0306811 2
91747 1226036 2
92885 1177179 2
93529 1732756 2
94531 0119264 2
94786 0493044 2
96516 1039992 2
97146 0492060 2
97872 0314325 2
97955 0440410 2
98339 0452332 2
98387 0804504 2
98815 0393493 2
98819 2354103 2
98929 0471239 2
98931 0492337 2
99489 0447221 2
99566 0348254 2
100444 2400660 2
100593 2519480 2
101006 1555904 2
103790 0282934 2
104526 2185178 2
105299 1638939 2
106527 1890371 2
106682 2215562 2
106820 2628830 2
109069 0405280 2
109613 2206354 2
109623 2671600 2
110895 2364066 2
113128 0030676 2
113636 1765980 2
113972 0308188 2
114995 2319632 2
115673 4117082 2
116917 0129602 2
116923 0188773 2
116959 0191310 2
116961 0191227 2
116965 1253594 2
117182 1757733 2
118288 2722780 2
118294 0493260 2
118958 0059471 2
118983 0118167 2
142 0094878 2
720 0118114 1
727 0114894 2
730 0125877 2
752 0105737 2
769 0116992 2
770 0038426 2
1107 0102336 2
1142 0116403 2
1316 0115548 2
1319 0107314 2
1421 0113212 2
1434 0123281 2
1738 0120881 2
2230 0133361 2
2588 0341315 2
3193 0198385 2
5871 0230252 2
65558 1157604 2
72332 1517595 2
72901 0213456 2
74317 1530487 2
78379 0245209 2
79329 1259583 2
81330 1611931 2
81758 0466214 2
82751 0495705 2
84974 1590050 2
86668 1347439 1
87330 0234854 2
87420 0403962 2
87751 0306811 2
91747 1226036 2
92885 1177179 2
93529 1732756 2
94531 0119264 2
94786 0493044 2
142 0094878 2
720 0118114 1
727 0114894 2
730 0125877 2
752 0105737 2
769 0116992 2
770 0038426 2
1107 0102336 2
1142 0116403 2
1316 0115548 2
1319 0107314 2
1421 0113212 2
1434 0123281 2
1738 0120881 2
2230 0133361 2
2588 0341315 2
3193 0198385 2
5871 0230252 2
65558 1157604 2
72332 1517595 2
72901 0213456 2
74317 1530487 2
78379 0245209 2
79329 1259583 2
81330 1611931 2
81758 0466214 2
82751 0495705 2
84974 1590050 2
86668 1347439 1
87330 0234854 2
87420 0403962 2
87751 0306811 2
91747 1226036 2
92885 1177179 2
93529 1732756 2
94531 0119264 2
94786 0493044 2
96516 1039992 2
97146 0492060 2
97872 0314325 2
97955 0440410 2
98339 0452332 2
98387 0804504 2
98815 0393493 2
98819 2354103 2
98929 0471239 2
98931 0492337 2
99489 0447221 2
99566 0348254 2
100444 2400660 2
100593 2519480 2
101006 1555904 2
103790 0282934 2
104526 2185178 2
105299 1638939 2
106527 1890371 2
106682 2215562 2
106820 2628830 2
109069 0405280 2
109613 2206354 2
109623 2671600 2
110895 2364066 2
113128 0030676 2
113636 1765980 2
113972 0308188 2
114995 2319632 2
115673 4117082 2
116917 0129602 2
116923 0188773 2
116959 0191310 2
116961 0191227 2
116965 1253594 2
117182 1757733 2
118288 2722780 2
118294 0493260 2
118958 0059471 2
118983 0118167 2
120873 1534380 2
121598 0134693 2
122557 0446271 2
122892 2395427 2
122944 0165993 2
123565 0110019 2
123602 0066062 1
123605 0073134 2
124995 0295548 2
125587 0166198 2
125938 1683941 2
126100 0462673 2
126428 0145528 2
128596 0074788 2
128942 1927124 2
131110 1640103 2
131300 0072736 2
132064 3837070 2
132082 0344943 2
132086 3135128 2
132100 2023500 2
142 0094878 2
720 0118114 1
727 0114894 2
730 0125877 2
752 0105737 2
769 0116992 2
770 0038426 2
1107 0102336 2
1142 0116403 2
1316 0115548 2
1319 0107314 2
1421 0113212 2
1434 0123281 2
1738 0120881 2
2230 0133361 2
2588 0341315 2
3193 0198385 2
5871 0230252 2
65558 1157604 2
72332 1517595 2
72901 0213456 2
74317 1530487 2
78379 0245209 2
79329 1259583 2
81330 1611931 2
81758 0466214 2
82751 0495705 2
84974 1590050 2
86668 1347439 1
87330 0234854 2
87420 0403962 2
87751 0306811 2
91747 1226036 2
92885 1177179 2
93529 1732756 2
94531 0119264 2
94786 0493044 2
96516 1039992 2
97146 0492060 2
97872 0314325 2
97955 0440410 2
98339 0452332 2
98387 0804504 2
98815 0393493 2
98819 2354103 2
98929 0471239 2
98931 0492337 2
99489 0447221 2
99566 0348254 2
100444 2400660 2
100593 2519480 2
101006 1555904 2
103790 0282934 2
104526 2185178 2
105299 1638939 2
106527 1890371 2
106682 2215562 2
106820 2628830 2
109069 0405280 2
109613 2206354 2
109623 2671600 2
110895 2364066 2
113128 0030676 2
113636 1765980 2
113972 0308188 2
114995 2319632 2
115673 4117082 2
116917 0129602 2
116923 0188773 2
116959 0191310 2
116961 0191227 2
116965 1253594 2
117182 1757733 2
118288 2722780 2
118294 0493260 2
118958 0059471 2
118983 0118167 2
120873 1534380 2
121598 0134693 2
122557 0446271 2
122944 0165993 2
124995 0295548 2
125587 0166198 2
125938 1683941 2
126100 0462673 2
126428 0145528 2
128596 0074788 2
128942 1927124 2
131110 1640103 2
131300 0072736 2
132064 3837070 2
132082 0344943 2
132086 3135128 2
132100 2023500 2
132198 0130671 2
133213 0313910 2
133287 1950222 2
133301 1474579 2
133407 1534017 2
134142 0079512 2
134609 1075340 2
135539 3416042 1
136196 1708497 2
136842 0366919 2
142 0094878 2
720 0118114 1
727 0114894 2
730 0125877 2
752 0105737 2
769 0116992 2
770 0038426 2
1107 0102336 2
1142 0116403 2
1316 0115548 2
1319 0107314 2
1421 0113212 2
1434 0123281 2
1738 0120881 2
2230 0133361 2
2588 0341315 2
3193 0198385 2
5871 0230252 2
65558 1157604 2
72332 1517595 2
72901 0213456 2
74317 1530487 2
78379 0245209 2
79329 1259583 2
81330 1611931 2
81758 0466214 2
82751 0495705 2
84974 1590050 2
86668 1347439 1
87330 0234854 2
87420 0403962 2
87751 0306811 2
91747 1226036 2
92885 1177179 2
93529 1732756 2
94531 0119264 2
94786 0493044 2
96516 1039992 2
97146 0492060 2
97872 0314325 2
97955 0440410 2
98339 0452332 2
98387 0804504 2
98815 0393493 2
98819 2354103 2
98929 0471239 2
98931 0492337 2
99489 0447221 2
99566 0348254 2
100444 2400660 2
100593 2519480 2
101006 1555904 2
103790 0282934 2
104526 2185178 2
105299 1638939 2
106527 1890371 2
106682 2215562 2
106820 2628830 2
109069 0405280 2
109613 2206354 2
109623 2671600 2
110895 2364066 2
113128 0030676 2
113636 1765980 2
113972 0308188 2
114995 2319632 2
115673 4117082 2
116917 0129602 2
116923 0188773 2
116959 0191310 2
116961 0191227 2
116965 1253594 2
117182 1757733 2
118288 2722780 2
118294 0493260 2
118958 0059471 2
118983 0118167 2
120873 1534380 2
121598 0134693 2
122557 0446271 2
122944 0165993 2
124995 0295548 2
125587 0166198 2
125938 1683941 2
126100 0462673 2
126428 0145528 2
128596 0074788 2
128942 1927124 2
131110 1640103 2
131300 0072736 2
132064 3837070 2
132082 0344943 2
132086 3135128 2
132100 2023500 2
132198 0130671 2
133213 0313910 2
133287 1950222 2
133301 1474579 2
133407 1534017 2
134142 0079512 2
134609 1075340 2
135539 3416042 1
136196 1708497 2
136842 0366919 2
137488 0459437 2
138018 1331126 2
138644 0491159 2
138698 3611354 2
139122 0178057 2
140231 1541005 2
140253 2107874 2
140305 3645848 2
140549 1189078 2
140577 0047862 2
141064 1339686 2
141680 0696462 2
141686 0553958 2
142494 0167118 2
142496 0163636 2
143442 1170352 2
143541 2450042 2
143551 0675266 2
144112 0376858 2
144192 0055644 2
144860 0433376 2
145020 0191563 2
145917 0188194 2
146315 2112170 2
146429 3631388 2
146475 3509270 2
146994 3681154 2
147923 1532515 2
148363 0135613 2
148913 1552987 2
149188 0030531 2
149300 0067532 2
142 0094878 2
720 0118114 1
727 0114894 2
730 0125877 2
752 0105737 2
769 0116992 2
770 0038426 2
1107 0102336 2
1142 0116403 2
1316 0115548 2
1319 0107314 2
1421 0113212 2
1434 0123281 2
1738 0120881 2
2230 0133361 2
2588 0341315 2
3193 0198385 2
5871 0230252 2
65558 1157604 2
72332 1517595 2
72901 0213456 2
74317 1530487 2
78379 0245209 2
79329 1259583 2
81330 1611931 2
81758 0466214 2
82751 0495705 2
84974 1590050 2
86668 1347439 1
87330 0234854 2
87420 0403962 2
87751 0306811 2
91747 1226036 2
92885 1177179 2
93529 1732756 2
94531 0119264 2
94786 0493044 2
96516 1039992 2
97146 0492060 2
97872 0314325 2
97955 0440410 2
98339 0452332 2
98387 0804504 2
98815 0393493 2
98819 2354103 2
98929 0471239 2
98931 0492337 2
99489 0447221 2
99566 0348254 2
100444 2400660 2
100593 2519480 2
101006 1555904 2
103790 0282934 2
104526 2185178 2
105299 1638939 2
106527 1890371 2
106682 2215562 2
106820 2628830 2
109069 0405280 2
109613 2206354 2
109623 2671600 2
110895 2364066 2
113128 0030676 2
113636 1765980 2
113972 0308188 2
114995 2319632 2
115673 4117082 2
116917 0129602 2
116923 0188773 2
116959 0191310 2
116961 0191227 2
116965 1253594 2
117182 1757733 2
118288 2722780 2
118294 0493260 2
118958 0059471 2
118983 0118167 2
120873 1534380 2
121598 0134693 2
122557 0446271 2
122944 0165993 2
124995 0295548 2
125587 0166198 2
125938 1683941 2
126100 0462673 2
126428 0145528 2
128596 0074788 2
128942 1927124 2
131110 1640103 2
131300 0072736 2
132064 3837070 2
132082 0344943 2
132086 3135128 2
132100 2023500 2
132198 0130671 2
133213 0313910 2
133287 1950222 2
133301 1474579 2
133407 1534017 2
134142 0079512 2
134609 1075340 2
135539 3416042 1
136196 1708497 2
136842 0366919 2
137488 0459437 2
138018 1331126 2
138644 0491159 2
138698 3611354 2
139122 0178057 2
140231 1541005 2
140253 2107874 2
140305 3645848 2
140549 1189078 2
140577 0047862 2
141064 1339686 2
141680 0696462 2
141686 0553958 2
142496 0163636 2
143442 1170352 2
143541 2450042 2
143551 0675266 2
144112 0376858 2
144192 0055644 2
144860 0433376 2
145020 0191563 2
145917 0188194 2
146315 2112170 2
146429 3631388 2
146475 3509270 2
146994 3681154 2
147923 1532515 2
148363 0135613 2
148913 1552987 2
149188 0030531 2
149300 0067532 2
150064 0272087 2
150358 2087838 2
151955 0183965 2
152324 1144794 2
152523 3956642 2
152629 0281365 2
152908 0230613 2
152910 0302525 2
152912 0309973 2
152916 0310118 2
152918 0360454 2
152920 0402144 2
152922 0341378 2
152930 0191356 2
152932 1218342 2
153152 0390500 2
153226 0368726 2
153234 0810871 2
153456 0150767 2
153460 0436396 2
153855 1209397 2
153967 1122593 2
154174 1275680 2
154206 0111505 2
154230 0397363 2
154234 1789697 2
154356 0406929 2
154376 0970499 2
154386 0304483 2
154408 0381551 2
154442 0379065 2
154602 1148239 2
154646 1836918 2
154648 1349455 2
154662 0222713 2
154870 0230057 2
154886 0306894 2
154931 0135167 2
155756 0479926 2
155838 0461976 2
155858 1591138 2
155990 0110230 2
142 0094878 2
720 0118114 1
727 0114894 2
730 0125877 2
752 0105737 2
769 0116992 2
770 0038426 2
1107 0102336 2
1142 0116403 2
1316 0115548 2
1319 0107314 2
1421 0113212 2
1434 0123281 2
1738 0120881 2
2230 0133361 2
2588 0341315 2
3193 0198385 2
5871 0230252 2
65558 1157604 2
72332 1517595 2
72901 0213456 2
74317 1530487 2
78379 0245209 2
79329 1259583 2
81330 1611931 2
81758 0466214 2
82751 0495705 2
84974 1590050 2
86668 1347439 1
87330 0234854 2
87420 0403962 2
87751 0306811 2
91747 1226036 2
92885 1177179 2
93529 1732756 2
94531 0119264 2
94786 0493044 2
96516 1039992 2
97146 0492060 2
97872 0314325 2
97955 0440410 2
98339 0452332 2
98387 0804504 2
98815 0393493 2
98819 2354103 2
98929 0471239 2
98931 0492337 2
99489 0447221 2
99566 0348254 2
100444 2400660 2
100593 2519480 2
101006 1555904 2
103790 0282934 2
104526 2185178 2
105299 1638939 2
106527 1890371 2
106682 2215562 2
106820 2628830 2
109069 0405280 2
109613 2206354 2
109623 2671600 2
110895 2364066 2
113128 0030676 2
113636 1765980 2
113972 0308188 2
114995 2319632 2
115673 4117082 2
116917 0129602 2
116923 0188773 2
116959 0191310 2
116961 0191227 2
116965 1253594 2
117182 1757733 2
118288 2722780 2
118294 0493260 2
118958 0059471 2
118983 0118167 2
120873 1534380 2
121598 0134693 2
122557 0446271 2
122944 0165993 2
124995 0295548 2
125587 0166198 2
125938 1683941 2
126100 0462673 2
126428 0145528 2
128596 0074788 2
128942 1927124 2
131110 1640103 2
131300 0072736 2
132064 3837070 2
132082 0344943 2
132086 3135128 2
132100 2023500 2
132198 0130671 2
133213 0313910 2
133287 1950222 2
133301 1474579 2
133407 1534017 2
134142 0079512 2
134609 1075340 2
135539 3416042 1
136196 1708497 2
136842 0366919 2
137488 0459437 2
138018 1331126 2
138644 0491159 2
138698 3611354 2
139122 0178057 2
140231 1541005 2
140253 2107874 2
140305 3645848 2
140549 1189078 2
140577 0047862 2
141064 1339686 2
141680 0696462 2
141686 0553958 2
142496 0163636 2
143442 1170352 2
143541 2450042 2
143551 0675266 2
144112 0376858 2
144192 0055644 2
144860 0433376 2
145020 0191563 2
145917 0188194 2
146315 2112170 2
146429 3631388 2
146475 3509270 2
146994 3681154 2
147923 1532515 2
148363 0135613 2
148913 1552987 2
149188 0030531 2
149300 0067532 2
150064 0272087 2
150358 2087838 2
151955 0183965 2
152324 1144794 2
152523 3956642 2
152629 0281365 2
152908 0230613 2
152910 0302525 2
152912 0309973 2
152916 0310118 2
152918 0360454 2
152920 0402144 2
152922 0341378 2
152930 0191356 2
152932 1218342 2
153152 0390500 2
153226 0368726 2
153234 0810871 2
153456 0150767 2
153460 0436396 2
153855 1209397 2
153967 1122593 2
154174 1275680 2
154206 0111505 2
154230 0397363 2
154234 1789697 2
154356 0406929 2
154376 0970499 2
154386 0304483 2
154408 0381551 2
154442 0379065 2
154602 1148239 2
154646 1836918 2
154648 1349455 2
154662 0222713 2
154870 0230057 2
154886 0306894 2
154931 0135167 2
155756 0479926 2
155838 0461976 2
155858 1591138 2
155990 0110230 2
156293 0037324 2
156724 3901628 2
157104 0111329 2
157613 0097066 2
157965 4157292 2
157989 1252566 2
157991 2931334 2
158011 0450061 2
158088 0269342 2
158133 1157712 2
159125 0222730 2
159471 1404380 2
159473 0855739 2
159534 0081303 1
159542 0089091 1
160299 1808304 1
160868 1654024 2
160968 2821660 2
160970 0275584 2
160972 2893616 2
160974 0275343 2
162476 2865302 2
162592 2547584 1
162740 0315985 2
163104 0139610 2
163583 5570934 2
163667 0979953 2
163997 0306606 2
164015 0308402 2
164089 0218374 2
164641 0084541 2
165055 0292292 2
165165 2281239 2
165339 0484384 2
165857 3620880 2
166996 0079553 1
166998 0077438 1
167000 0075069 1
167002 0075027 1
167004 0073218 1
167006 0070432 1
167008 0070126 1
167010 0067732 1
167012 0067836 1
167014 0062648 1
167016 0070001 1
167020 2972098 1
167022 2511594 1
167034 4647900 1
167040 5477608 1
167042 0482552 1
167046 0114917 1
167048 3014262 1
167052 2884286 1
167054 2163606 1
167056 3221210 1
167064 5804038 1
167066 0093723 1
167068 4246856 1
167070 0070926 1
167074 0223777 1
167076 1978599 1
167078 5748648 1
167090 3339354 1
167094 2268433 1
167096 5143704 1
167098 1571570 1
167102 0319109 1
167104 3421780 1
167106 4276112 1
167110 0396743 1
167504 0215764 2
167526 0000364 2
167560 6371750 2
167768 0300611 2
168228 0295201 2
168504 0149578 2
168686 0416829 2
168728 0313313 2
168890 0029079 2
169146 0991246 2
169918 0477021 2
170006 1625140 2
170054 0025054 2
170066 0337479 2
170429 0407047 2
170443 2327888 2
142 0094878 2
720 0118114 1
727 0114894 2
730 0125877 2
752 0105737 2
769 0116992 2
770 0038426 2
1107 0102336 2
1142 0116403 2
1316 0115548 2
1319 0107314 2
1421 0113212 2
1434 0123281 2
1738 0120881 2
2230 0133361 2
2588 0341315 2
3193 0198385 2
5871 0230252 2
65558 1157604 2
72332 1517595 2
72901 0213456 2
74317 1530487 2
78379 0245209 2
79329 1259583 2
81330 1611931 2
81758 0466214 2
82751 0495705 2
84974 1590050 2
86668 1347439 1
87330 0234854 2
87420 0403962 2
87751 0306811 2
91747 1226036 2
92885 1177179 2
93529 1732756 2
94531 0119264 2
94786 0493044 2
96516 1039992 2
97146 0492060 2
97872 0314325 2
97955 0440410 2
98339 0452332 2
98387 0804504 2
98815 0393493 2
98819 2354103 2
98929 0471239 2
98931 0492337 2
99489 0447221 2
99566 0348254 2
100444 2400660 2
100593 2519480 2
101006 1555904 2
103790 0282934 2
104526 2185178 2
105299 1638939 2
106527 1890371 2
106682 2215562 2
106820 2628830 2
109069 0405280 2
109613 2206354 2
109623 2671600 2
110895 2364066 2
113128 0030676 2
113636 1765980 2
113972 0308188 2
114995 2319632 2
115673 4117082 2
116917 0129602 2
116923 0188773 2
116959 0191310 2
116961 0191227 2
116965 1253594 2
117182 1757733 2
118288 2722780 2
118294 0493260 2
118958 0059471 2
118983 0118167 2
120873 1534380 2
121598 0134693 2
122557 0446271 2
122944 0165993 2
124995 0295548 2
125587 0166198 2
125938 1683941 2
126100 0462673 2
126428 0145528 2
128596 0074788 2
128942 1927124 2
131110 1640103 2
131300 0072736 2
132064 3837070 2
132082 0344943 2
132086 3135128 2
132100 2023500 2
132198 0130671 2
133213 0313910 2
133287 1950222 2
133301 1474579 2
133407 1534017 2
134142 0079512 2
134609 1075340 2
135539 3416042 1
136196 1708497 2
136842 0366919 2
137488 0459437 2
138018 1331126 2
138644 0491159 2
138698 3611354 2
139122 0178057 2
140231 1541005 2
140253 2107874 2
140305 3645848 2
140549 1189078 2
140577 0047862 2
141064 1339686 2
141680 0696462 2
141686 0553958 2
142496 0163636 2
143442 1170352 2
143541 2450042 2
143551 0675266 2
144112 0376858 2
144192 0055644 2
144860 0433376 2
145020 0191563 2
145917 0188194 2
146315 2112170 2
146429 3631388 2
146475 3509270 2
146994 3681154 2
147923 1532515 2
148363 0135613 2
148913 1552987 2
149188 0030531 2
149300 0067532 2
150064 0272087 2
150358 2087838 2
151955 0183965 2
152324 1144794 2
152523 3956642 2
152629 0281365 2
152908 0230613 2
152910 0302525 2
152912 0309973 2
152916 0310118 2
152918 0360454 2
152920 0402144 2
152922 0341378 2
152930 0191356 2
152932 1218342 2
153152 0390500 2
153226 0368726 2
153234 0810871 2
153456 0150767 2
153460 0436396 2
153855 1209397 2
153967 1122593 2
154174 1275680 2
154206 0111505 2
154230 0397363 2
154234 1789697 2
154356 0406929 2
154376 0970499 2
154386 0304483 2
154408 0381551 2
154442 0379065 2
154602 1148239 2
154646 1836918 2
154648 1349455 2
154662 0222713 2
154870 0230057 2
154886 0306894 2
154931 0135167 2
155756 0479926 2
155838 0461976 2
155858 1591138 2
155990 0110230 2
156293 0037324 2
156724 3901628 2
157104 0111329 2
157613 0097066 2
157965 4157292 2
157989 1252566 2
157991 2931334 2
158011 0450061 2
158088 0269342 2
158133 1157712 2
159125 0222730 2
159471 1404380 2
159473 0855739 2
160868 1654024 2
160968 2821660 2
160970 0275584 2
160972 2893616 2
160974 0275343 2
162476 2865302 2
162740 0315985 2
163104 0139610 2
163583 5570934 2
163667 0979953 2
163997 0306606 2
164015 0308402 2
164089 0218374 2
164641 0084541 2
165055 0292292 2
165165 2281239 2
165339 0484384 2
165857 3620880 2
167098 1571570 2
167504 0215764 2
167526 0000364 2
167560 6371750 2
167768 0300611 2
168228 0295201 2
168504 0149578 2
168686 0416829 2
168728 0313313 2
168890 0029079 2
169146 0991246 2
169918 0477021 2
170006 1625140 2
170054 0025054 2
170066 0337479 2
170429 0407047 2
170443 2327888 2
170911 0326115 2
171539 1523274 2
171551 0194243 2
171673 0218716 2
172419 0784688 2
172851 1599280 2
173067 0066326 2
173899 3706382 2
174019 2879456 2
174097 3112348 2
174119 0307969 2
174125 0309364 2
174135 0152617 2
174139 0918623 2
174143 0335384 2
174177 0327809 2
174207 0248995 2
174275 1736271 2
174285 0130978 2
174287 0277985 2
174321 0001284 2
175381 0436358 2
175837 0507700 2
176163 0427767 2
176245 3054038 2
176367 3975422 2
176369 2007475 2
176443 2614370 2
176601 2492564 2
176647 0067938 2
176749 1238768 2
177265 5640954 2
142 0094878 2
720 0118114 1
727 0114894 2
730 0125877 2
752 0105737 2
769 0116992 2
770 0038426 2
1107 0102336 2
1142 0116403 2
1316 0115548 2
1319 0107314 2
1421 0113212 2
1434 0123281 2
1738 0120881 2
2230 0133361 2
2588 0341315 2
3193 0198385 2
5871 0230252 2
65558 1157604 2
72332 1517595 2
72901 0213456 2
78379 0245209 2
79329 1259583 2
81330 1611931 2
81758 0466214 2
82751 0495705 2
84974 1590050 2
86668 1347439 1
87330 0234854 2
87420 0403962 2
87751 0306811 2
91747 1226036 2
92885 1177179 2
93529 1732756 2
94531 0119264 2
94786 0493044 2
96516 1039992 2
97146 0492060 2
97872 0314325 2
97955 0440410 2
98339 0452332 2
98387 0804504 2
98815 0393493 2
98819 2354103 2
98929 0471239 2
98931 0492337 2
99489 0447221 2
99566 0348254 2
100444 2400660 2
100593 2519480 2
101006 1555904 2
103790 0282934 2
104526 2185178 2
105299 1638939 2
106527 1890371 2
106682 2215562 2
106820 2628830 2
109069 0405280 2
109613 2206354 2
109623 2671600 2
110895 2364066 2
113128 0030676 2
113636 1765980 2
113972 0308188 2
114995 2319632 2
115673 4117082 2
116917 0129602 2
116923 0188773 2
116959 0191310 2
116961 0191227 2
116965 1253594 2
117182 1757733 2
118288 2722780 2
118294 0493260 2
118958 0059471 2
118983 0118167 2
120873 1534380 2
121598 0134693 2
122557 0446271 2
122944 0165993 2
124995 0295548 2
125587 0166198 2
125938 1683941 2
126428 0145528 2
128596 0074788 2
128942 1927124 2
131110 1640103 2
131300 0072736 2
132064 3837070 2
132082 0344943 2
132086 3135128 2
132100 2023500 2
132198 0130671 2
133213 0313910 2
133287 1950222 2
133301 1474579 2
133407 1534017 2
134142 0079512 2
135539 3416042 1
136196 1708497 2
136842 0366919 2
137488 0459437 2
138018 1331126 2
138644 0491159 2
138698 3611354 2
139122 0178057 2
140231 1541005 2
140253 2107874 2
140305 3645848 2
140549 1189078 2
140577 0047862 2
141064 1339686 2
141680 0696462 2
141686 0553958 2
142496 0163636 2
143442 1170352 2
143541 2450042 2
143551 0675266 2
144112 0376858 2
144192 0055644 2
144860 0433376 2
145020 0191563 2
145917 0188194 2
146315 2112170 2
146429 3631388 2
146475 3509270 2
146994 3681154 2
147923 1532515 2
148363 0135613 2
148913 1552987 2
149188 0030531 2
149300 0067532 2
150064 0272087 2
150358 2087838 2
151955 0183965 2
152324 1144794 2
152523 3956642 2
152629 0281365 2
152908 0230613 2
152910 0302525 2
152912 0309973 2
152916 0310118 2
152918 0360454 2
152920 0402144 2
152922 0341378 2
152930 0191356 2
152932 1218342 2
153152 0390500 2
153226 0368726 2
153234 0810871 2
153456 0150767 2
153460 0436396 2
153855 1209397 2
153967 1122593 2
154174 1275680 2
154206 0111505 2
154230 0397363 2
154234 1789697 2
154356 0406929 2
154376 0970499 2
154386 0304483 2
154408 0381551 2
154442 0379065 2
154602 1148239 2
154646 1836918 2
154648 1349455 2
154662 0222713 2
154870 0230057 2
154886 0306894 2
154931 0135167 2
155756 0479926 2
155838 0461976 2
155858 1591138 2
155990 0110230 2
156293 0037324 2
156724 3901628 2
157104 0111329 2
157613 0097066 2
157965 4157292 2
157989 1252566 2
157991 2931334 2
158011 0450061 2
158088 0269342 2
158133 1157712 2
159125 0222730 2
159471 1404380 2
159473 0855739 2
160868 1654024 2
160968 2821660 2
160970 0275584 2
160972 2893616 2
160974 0275343 2
162476 2865302 2
162740 0315985 2
163104 0139610 2
163583 5570934 2
163667 0979953 2
163997 0306606 2
164015 0308402 2
164089 0218374 2
164641 0084541 2
165055 0292292 2
165165 2281239 2
165339 0484384 2
165857 3620880 2
167098 1571570 2
167504 0215764 2
167526 0000364 2
167560 6371750 2
167768 0300611 2
168228 0295201 2
168504 0149578 2
168686 0416829 2
168728 0313313 2
168890 0029079 2
169146 0991246 2
169918 0477021 2
170006 1625140 2
170054 0025054 2
170066 0337479 2
170429 0407047 2
170443 2327888 2
170911 0326115 2
171539 1523274 2
171551 0194243 2
171673 0218716 2
172419 0784688 2
172851 1599280 2
173067 0066326 2
173899 3706382 2
174019 2879456 2
174097 3112348 2
174119 0307969 2
174125 0309364 2
174135 0152617 2
174139 0918623 2
174143 0335384 2
174177 0327809 2
174207 0248995 2
174275 1736271 2
174285 0130978 2
174287 0277985 2
174321 0001284 2
175381 0436358 2
175837 0507700 2
176163 0427767 2
176245 3054038 2
176367 3975422 2
176369 2007475 2
176443 2614370 2
176601 2492564 2
176647 0067938 2
176749 1238768 2
177265 5640954 2
142 0094878 2
720 0118114 1
727 0114894 2
730 0125877 2
752 0105737 2
769 0116992 2
770 0038426 2
1107 0102336 2
1142 0116403 2
1316 0115548 2
1319 0107314 2
1421 0113212 2
1434 0123281 2
1738 0120881 2
2230 0133361 2
2588 0341315 2
3193 0198385 2
5871 0230252 2
65558 1157604 2
72332 1517595 2
72901 0213456 2
78379 0245209 2
79329 1259583 2
81330 1611931 2
81758 0466214 2
82751 0495705 2
84974 1590050 2
86668 1347439 1
87330 0234854 2
87420 0403962 2
87751 0306811 2
91747 1226036 2
92885 1177179 2
93529 1732756 2
94531 0119264 2
94786 0493044 2
96516 1039992 2
97146 0492060 2
97872 0314325 2
97955 0440410 2
98339 0452332 2
98387 0804504 2
98815 0393493 2
98819 2354103 2
98929 0471239 2
98931 0492337 2
99489 0447221 2
99566 0348254 2
100444 2400660 2
100593 2519480 2
101006 1555904 2
103790 0282934 2
104526 2185178 2
105299 1638939 2
106527 1890371 2
106682 2215562 2
106820 2628830 2
109069 0405280 2
109613 2206354 2
109623 2671600 2
110895 2364066 2
113128 0030676 2
113636 1765980 2
113972 0308188 2
114995 2319632 2
115673 4117082 2
116917 0129602 2
116923 0188773 2
116959 0191310 2
116961 0191227 2
116965 1253594 2
117182 1757733 2
118288 2722780 2
118294 0493260 2
118958 0059471 2
118983 0118167 2
120873 1534380 2
121598 0134693 2
122557 0446271 2
122944 0165993 2
124995 0295548 2
125587 0166198 2
125938 1683941 2
126428 0145528 2
128596 0074788 2
128942 1927124 2
131110 1640103 2
131300 0072736 2
132064 3837070 2
132082 0344943 2
132086 3135128 2
132100 2023500 2
132198 0130671 2
133213 0313910 2
133287 1950222 2
133301 1474579 2
133407 1534017 2
134142 0079512 2
135539 3416042 1
136196 1708497 2
136842 0366919 2
137488 0459437 2
138018 1331126 2
138644 0491159 2
138698 3611354 2
139122 0178057 2
140231 1541005 2
140253 2107874 2
140305 3645848 2
140549 1189078 2
140577 0047862 2
141064 1339686 2
141680 0696462 2
141686 0553958 2
142496 0163636 2
143442 1170352 2
143541 2450042 2
143551 0675266 2
144112 0376858 2
144192 0055644 2
144860 0433376 2
145020 0191563 2
145917 0188194 2
146315 2112170 2
146429 3631388 2
146475 3509270 2
146994 3681154 2
147923 1532515 2
148363 0135613 2
148913 1552987 2
149188 0030531 2
149300 0067532 2
150064 0272087 2
150358 2087838 2
151955 0183965 2
152324 1144794 2
152523 3956642 2
152629 0281365 2
152908 0230613 2
152910 0302525 2
152912 0309973 2
152916 0310118 2
152918 0360454 2
152920 0402144 2
152922 0341378 2
152930 0191356 2
152932 1218342 2
153152 0390500 2
153226 0368726 2
153234 0810871 2
153456 0150767 2
153460 0436396 2
153855 1209397 2
153967 1122593 2
154174 1275680 2
154206 0111505 2
154230 0397363 2
154234 1789697 2
154356 0406929 2
154376 0970499 2
154386 0304483 2
154408 0381551 2
154442 0379065 2
154602 1148239 2
154646 1836918 2
154648 1349455 2
154662 0222713 2
154870 0230057 2
154886 0306894 2
154931 0135167 2
155756 0479926 2
155838 0461976 2
155858 1591138 2
155990 0110230 2
156293 0037324 2
156724 3901628 2
157104 0111329 2
157613 0097066 2
157965 4157292 2
157989 1252566 2
157991 2931334 2
158011 0450061 2
158088 0269342 2
158133 1157712 2
159125 0222730 2
159471 1404380 2
159473 0855739 2
160868 1654024 2
160968 2821660 2
160970 0275584 2
160972 2893616 2
160974 0275343 2
162476 2865302 2
162740 0315985 2
163104 0139610 2
163583 5570934 2
163667 0979953 2
163997 0306606 2
164015 0308402 2
164089 0218374 2
164641 0084541 2
165055 0292292 2
165165 2281239 2
165339 0484384 2
165857 3620880 2
167098 1571570 2
167504 0215764 2
167526 0000364 2
167560 6371750 2
167768 0300611 2
168228 0295201 2
168504 0149578 2
168686 0416829 2
168728 0313313 2
168890 0029079 2
169146 0991246 2
169918 0477021 2
170006 1625140 2
170054 0025054 2
170066 0337479 2
170429 0407047 2
170443 2327888 2
170911 0326115 2
171539 1523274 2
171551 0194243 2
171673 0218716 2
172419 0784688 2
172851 1599280 2
173067 0066326 2
173899 3706382 2
174019 2879456 2
174097 3112348 2
174119 0307969 2
174125 0309364 2
174135 0152617 2
174139 0918623 2
174143 0335384 2
174177 0327809 2
174207 0248995 2
174275 1736271 2
174285 0130978 2
174287 0277985 2
174321 0001284 2
175381 0436358 2
175837 0507700 2
176163 0427767 2
176245 3054038 2
176367 3975422 2
176369 2007475 2
176443 2614370 2
176601 2492564 2
176647 0067938 2
176749 1238768 2
177265 5640954 2
177551 1479401 2
177559 0361030 2
177661 0381450 2
177855 7061050 2
177863 0245500 2
179833 1073515 2
179999 3109668 2
180003 3331646 2
180117 0126657 2
180167 0450078 2
180181 1914395 2
180777 0832879 2
180901 0379511 2
181477 0459530 2
182425 1146430 2
182451 2873614 2
183021 2066130 2
183189 3142960 2
183191 2194210 2
183233 0095724 2
183449 0489511 2
183647 7884946 2
183657 0322500 2
183687 0209969 2
183917 0249442 2
184507 0205945 2
184527 0362864 2
184817 0093452 2
185175 1772244 2
185331 0396035 2
185781 0260421 2
185875 3733916 2
186243 0228124 2
186255 2786412 2
186313 0387671 2
186387 0244835 2
187003 1806876 2
187291 2304747 2
187399 1663933 2
187763 0311616 2
188171 1520274 2
188803 7946950 2
188901 0376102 2
188905 0273921 2
189023 0270916 2
189161 0814034 2
189163 2224083 2
189335 0167755 2
189607 0479016 2
190201 6968738 2
190411 0390238 2
190463 0468664 2
190533 3496152 2
191083 0452781 2
191197 5290444 2
191205 5290452 2
191385 5542192 2
191403 4738054 2
191813 0968260 2
191973 2149153 2
191981 1876514 2
191985 0818754 2
191987 2501784 2
192027 0960553 2
192049 0013827 2
192535 0362635 2
192771 3471606 2
192973 0401492 2
193529 0105277 2
194432 0209936 2
194859 8094178 2
195099 0245855 2
195699 0109689 2
195773 8775294 2
195945 5421006 2
195973 4882164 2
196105 0184030 2
196259 3948158 2
196481 0491646 2
196837 1566025 2
197237 7187388 2
197633 0448462 2
197715 5249200 1
197841 0312988 2
197869 1451714 2
197937 2072190 2
197939 2086878 2
198113 0337229 2
198491 0164375 2
199299 0223143 2
199652 1252472 2
199682 1252396 2
199712 2460054 2
199818 1781929 2
200002 0285094 2
200010 1813534 2
200162 1541832 2
200438 2246609 2
200846 6436202 2
200884 0236647 2
200926 5462992 2
200988 1205462 2
201020 0127559 2
201612 9436886 2
201660 1129426 2
201769 0322937 2
201855 2877038 2
202369 0079112 2
202725 0278494 2
202872 0333941 2
202992 7397146 2
203443 1756640 2
203865 4279678 2
204954 1992191 2
205375 0862667 2
205499 0214716 2
205829 0472211 2
205953 1651921 2
206030 2423204 2
206503 0330950 2
206625 0175532 2
206751 2202473 2
206783 0478397 2
206799 1441869 2
207035 3879066 2
207475 0178265 2
207479 0293175 2
208094 2677712 2
208168 0452564 2
208919 0190478 2
